MTAID SAMPID
============

Ramps
============
7187 19633
7188 19634
7189 19635
7190 18778
7191 18779
7192 18780
7193 19005
7194 19001
7195 18781
7196 18782
7181 18783
7183 18784
7184 18785
7185 18786
7186 18787

Fences and Barriers
============
7300 19913
7301 19313
7302 18759
7303 19074
7304 19272

Roads
============
7000 19534
7001 19535
7002 19533
7003 19532
7004 19628
7005 19629
7006 18788
7007 18789
7008 18790
7009 18791
7010 18792
7011 18793
7012 18794
7013 18795
7014 18796
7015 18797
7016 18798
7017 18799
7018 18800
7019 18801
7020 18802
7021 18803
7022 18804
7023 18805
7024 18806
7025 18807
7026 11697
7027 11698
7028 19070
7029 19071
7030 19072
7031 19073
7034 19884
7035 19885
7036 19886
7037 19887
7038 19888
7039 19889
7040 19890
7041 19891
7042 19892

Landmasses
============
17000 19529
17001 19530
17002 19531
17003 19536
17004 19537
17005 19538
17006 19539
17007 19540
17008 19541
17009 19542
17010 19543
17011 19544
17012 19545
17013 11693
17014 11694
17015 11695
17016 11696
17017 18751
17018 18752

Tubes
============
17203 19642
17204 19643
17205 19644
17206 19645
17200 19646
17201 19647
17202 19648

Tunnels
============
7200 18772
7201 18773
7202 18774
7203 18775
7204 18776
7205 18777

Misc
============
9000 18749
9001 18750
9002 18843
9003 18844
9004 18845
9005 18846
9006 18882
9007 18883
9008 18884
9009 19002
9010 19128
9011 19129
9012 19130
9013 19131
9014 19132

